0
1
2
3
6
10
11
13
14
15
16
17
18
19
20
21
22
23
24
25
26
27
28
49
51
53
61
68
69
70
71
72
74
76
77
78
81
82
89
90
93
96
99
100
101
102
103
104
105
106
107
108
111
112
113
115
116
117
118
119
122
123
124
128
131
132
133
134
141
142
144
157
158
159
160
161
165
168
169
171
172
174
175
176
177
178
194
196
199
200
201
202
204
205
207
218
219
232
235
236
246
247
248
253
254
255
260
263
276
278
279
282
288
289
290
291
293
295
300
301
305
314
315
316
318
319
320
324
339
348
355
364
367
374
379
385
405
416
417
418
420
423
424
441
449
450
463
464
466
469
482
488
496
501
507
526
530
535
536
540
544
549
553
560
561
562
563
564
565
566
567
569
570
571
572
573
574
575
576
577
578
582
594
595
597
604
606
610
613
623
624
626
627
635
637
643
648
656
657
658
659
661
664
666
668
670
677
679
680
681
690
695
696
707
709
718
721
724
728
734
737
741
750
756
757
758
759
760
763
769
778
779
780
782
784
785
786
788
790
792
797
798
805
809
813
817
825
828
832
833
835
841
842
846
852
858
870
872
875
877
887
893
897
904
905
907
909
914
922
931
939
942
943
944
945
957
976
978
979
983
984
1008
1014
1015
1033
1036
1039
1041
1042
1043
1057
1058
1062
1064
1067
1068
1069
1078
1092
1115
1120
1127
1129
1130
1131
1132
1133
1134
1135
1138
1139
1146
1148
1149
1161
1164
1181
1191
1192
1193
1194
1195
1197
1207
1210
1220
1221
1225
1226
1237
1242
1243
1244
1246
1263
1268
1271
1284
1302
1304
1311
1323
1333
1337
1339
1343
1346
1348
1351
1352
1353
1356
1358
1359
1360
1364
1366
1385
1394
1398
1403
1404
1405
1415
1421
1427
1429
1437
1454
1455
1465
1474
1484
1485
1491
1501
1503
1507
1515
1517
1539
1540
1542
1543
1549
1551
1555
1567
1568
1576
1577
1584
1585
1588
1615
1620
1635
1636
1637
1639
1640
1641
1647
1648
1652
1653
1659
1661
1663
1669
1675
1679
1683
1696
1702
1712
1713
1724
1730
1740
1741
1749
1751
1757
1760
1761
1770
1771
1772
1777
1779
1790
1795
1796
1799
1810
1812
1814
1815
1816
1817
1818
1822
1826
1828
1831
1834
1849
1854
1857
1862
1864
1866
1869
1875
1876
1880
1917
1932
1933
1936
1937
1945
1955
1965
1967
1998
2001
2002
2003
2004
2005
2006
2024
2027
2031
2039
2043
2045
2048
2052
2059
2095
2098
2115
2134
2137
2155
2163
2167
2180
2192
2227
2241
2243
2254
2255
2256
2265
2266
2272
2281
2282
2298
2299
2304
2309
2311
2327
2329
2341
2347
2352
2383
2389
2393
2403
2406
2410
2419
2424
2441
2451
2452
2457
2459
2463
2464
2465
2469
2480
2481
2486
2489
2493
2494
2501
2510
2514
2516
2522
2525
2530
2533
2543
2552
2584
2593
2599
2601
2616
2619
2621
2658
2673
2677
2680
2682
2695
2699
2701
2704
2713
2719
2722
2723
2741
2747
2751
2781
2792
2794
2797
2815
2816
2817
2821
2829
2831
2832
2834
2844
2851
2856
2857
2868
2872
2876
2879
2881
2884
2894
2906
2911
2912
2913
2914
2915
2917
2918
2919
2920
2921
2922
2923
2924
2932
2933
2947
2949
2953
2960
2967
2968
2971
2972
2977
2979
2988
2991
2992
2993
3011
3025
3033
3034
3039
3048
3049
3055
3056
3061
3063
3073
3074
3083
3085
3089
3090
3091
3093
3096
3097
3102
3114
3116
3117
3128
3129
3130
3131
3136
3142
3144
3148
3152
3153
3154
3162
3165
3172
3181
3190
3193
3208
3230
3240
3245
3258
3259
3264
3267
3275
3291
3295
3299
3302
3313
3326
3330
3347
3348
3353
3364
3374
3411
3416
3421
3440
3441
3442
3448
3459
3486
3488
3499
3527
3546
3562
3564
3566
3567
3568
3569
3571
3578
3582
3605
3624
3626
3653
3654
3655
3662
3665
3673
3685
3694
3707
3715
3728
3731
3732
3733
3736
3745
3776
3787
3790
3794
3795
3797
3810
3813
3848
3849
3850
3851
3892
3895
3901
3932
3936
3944
3955
3963
3968
3970
3981
3996
4015
4020
4035
4038
4042
4060
4067
4071
4073
4074
4075
4076
4100
4106
4128
4129
4140
4151
4153
4159
4171
4172
4176
4182
4185
4187
4192
4196
4197
4198
4204
4213
4216
4218
4223
4232
4234
4235
4239
4240
4241
4242
4244
4245
4248
4256
4257
4258
4259
4260
4261
4262
4263
4264
4265
4266
4267
4268
4269
4270
4271
4272
4274
4275
4276
4277
4278
4279
4280
4281
4283
4284
4285
4286
4287
4288
4289
4290
4291
4292
4293
4294
4295
4296
4297
4298
4299
4300
4301
4302
4303
4304
4305
4306
4307
4308
4309
4310
4311
4312
4313
4314
4315
4316
4317
4318
4319
4320
4321
4322
4323
4324
4325
4326
4327
4328
4329
4330
4331
4332
4333
4334
4335
4336
4337
4338
4339
4340
4341
4342
4343
4344
4345
4346
4347
4348
4349
4350
4351
4352
4353
4354
4355
4356
4357
4358
4359
4360
4361
4362
4363
4364
4365
4366
4367
4368
4369
4370
4371
4372
4373
4374
4375
4376
4378
4384
4387
4389
4391
4395
4396
4399
4405
4406
4407
4408
4410
4411
4412
4413
4414
4415
4416
4417
4418
4419
4426
4429
4430
4431
4432
4433
4434
4435
4436
4438
4439
4440
4441
4442
4443
4444
4445
4446
4447
4448
4449
4450
4451
4452
4453
4454
4455
4456
4457
4458
4459
4460
4461
4462
4463
4464
4465
4466
4467
4468
4469
4470
4471
4472
4473
4474
4475
4476
4477
4478
4479
4481
4482
4491
4496
4501
4504
4507
4511
4512
4513
4517
4518
4519
4524
4525
4528
4535
4538
4541
4542
4544
4547
4548
4550
4551
4552
4553
4556
4559
4562
4563
4564
4566
4568
4572
4575
4576
4577
4578
4580
4588
4590
4592
4601
4602
4604
4606
4607
4609
4612
4615
4620
4621
4626
4628
4630
4635
4637
4638
4640
4642
4643
4644
4646
4648
4659
4661
4663
4664
4665
4666
4668
4669
4671
4672
4673
4675
4676
4680
4682
4683
4684
4689
4690
4692
4699
4705
4706
4710
4715
4719
4724
4725
4727
4729
4730
4731
4735
4736
4738
4741
4745
4747
4750
4754
4757
4765
4773
4777
4782
4783
4786
4788
4791
4801
4802
4806
4818
4819
4822
4823
4825
4826
4827
4828
4829
4830
4831
4834
4835
4841
4842
4843
4844
4849
4854
4863
4866
4867
4868
4871
4875
4877
4878
4880
4883
4885
4887
4891
4894
4905
4907
4908
4921
4926
4934
4936
4940
4941
4947
4955
4957
4959
4964
4973
4982
4984
4987
5000
5002
5008
5017
5019
5029
5036
5037
5039
5043
5044
5045
5046
5047
5048
5049
5051
5062
5070
5073
5074
5075
5079
5080
5081
5082
5083
5085
5086
5087
5090
5091
5092
5101
5109
5111
5140
5150
5151
5153
5161
5162
5166
5184
5192
5194
5200
5201
5207
5208
5211
5212
5223
5227
5228
5234
5268
5283
5300
5301
5307
5318
5320
5323
5324
5349
5366
5369
5372
5375
5381
5383
5387
5390
5392
5394
5396
5397
5399
5406
5409
5410
5412
5417
5420
5428
5431
5434
5435
5438
5441
5442
5443
5444
5445
5446
5452
5465
5469
5472
5477
5479
5480
5497
5499
5501
5512
5516
5517
5520
5521
5527
5534
5540
5542
5545
5548
5555
5556
5575
5578
5586
5595
5606
5616
5619
5625
5628
5646
5652
5653
5655
5658
5668
5677
5679
5694
5696
5705
5710
5712
5723
5728
5733
5743
5750
5752
5760
5766
5774
5776
5777
5779
5780
5783
5785
5793
5796
5799
5800
5802
5808
5809
5816
5820
5848
5850
5852
5855
5867
5886
5889
5901
5902
5950
5976
5978
5990
5994
5999
6003
6007
6021
6024
6030
6046
6047
6064
6066
6070
6071
6081
6088
6097
6111
6120
6125
6137
6144
6146
6150
6154
6163
6164
6169
6172
6178
6181
6183
6189
6206
6209
6212
6220
6231
6241
6246
6249
6253
6267
6273
6289
6299
6301
6303
6305
6309
6316
6319
6320
6326
6355
6361
6368
6372
6380
6386
6387
6391
6399
6408
6426
6433
6441
6442
6476
6479
6487
6506
6519
6532
6566
6574
6626
6663
6665
6678
6715
6729
6730
6731
6732
6799
6836
6870
6873
6922
6986
7019
7028
7057
7059
7071
7081
7082
7083
7147
7149
7187
7241
7257
7329
7333
7342
7509
7583
7618
7619
7623
7628
7653
7704
7713
7719
7753
7757
7758
7779
7828
7851
7853
7901
7925
7943
7994
8003
8010
8011
8012
8013
8014
8015
8024
8131
8159
8160
8166
8167
8236
8268
8271
8293
8372
8432
8471
8490
8528
8548
8631
8649
8650
8654
8735
8746
8809
8837
8843
8844
8845
8935
8945
8989
8990
8991
9183
9184
9185
9191
9294
9334
9365
9406
9457
9520
9521
9522
9678
9842
9894
10021
10022
10023
10024
10025
10040
10084
10089
10090
10134
10135
10136
10138
10140
10280
10445
11182
11299
11381
11382
11471
11472
11473
11474
11475
11480
11481
11484
11492
11493
11534
11558
11559
11560
11561
11562
11563
11564
11565
11567
11568
11569
11570
11571
11572
11573
11574
11575
11576
11577
11581
11583
11593
11594
11596
11597
11598
11599
11600
11601
11602
11608
11619
11620
11687
11688
11689
11690
11691
11692
11693
11694
11695
11696
11697
11698
11699
11840
11887
11930
11994
12114
12165
12258
12334
12343
12435
12509
12616
12618
12692
12776
12781
12784
12787
12793
12816
12819
12828
12831
12872
12883
12888
12896
12897
12927
12933
12934
12948
12981
12997
12998
13007
13056
13057
13072
13090
13094
13095
13100
13109
13110
13170
13175
13184
13189
13196
13212
13223
13229
13233
13248
13259
13260
13262
13269
13282
13294
13302
13379
13400
13406
13420
13461
13462
13475
13482
13537
13566
13569
13579
13586
13605
13606
13625
13629
13631
13633
13654
13658
13664
13721
13728
13749
13760
14070
14117
14128
14137
14141
14154
14159
14217
14284
14286
14299
14311
14339
14370
14371
14435
14447
14476
14489
14503
14505
14508
14522
14531
14558
14566
14578
14591
14592
14713
14738
14741
14742
14749
14820
14835
14863
14916
14918
14933
14938
14972
14973
15034
15062
15063
15119
15124
15188
15218
15249
15251
15263
15271
15277
15293
15304
15465
15518
15521
15559
15560
15603
15639
15663
15702
15713
15720
15727
15731
15737
15742
15828
15854
15861
15871
15878
15958
15960
15963
15972
16026
16039
16045
16054
16116
16140
16234
16241
16245
16248
16267
16285
16296
16297
16324
16330
16332
16343
16351
16467
16547
16549
16564
16630
16639
16684
16686
16690
16773
16794
16817
16830
16833
16850
16868
16887
16896
16938
16946
16975
16980
16987
17018
17043
17048
17145
17179
17189
17213
17251
17253
17277
17288
17298
17300
17305
17309
17318
17339
17344
17348
17353
17369
17373
17375
17386
17404
17406
17441
17460
17466
17470
17473
17476
17486
17487
17489
17500
17501
17503
17512
17513
17525
17529
17530
17538
17543
17547
17553
17564
17575
17597
17606
17608
17613
17620
17631
17644
17656
17687
17708
17716
17722
17728
17729
17754
17758
17760
17769
17793
17796
17800
17813
17830
17880
17890
17902
17913
17946
17973
17999
18009
18020
18100
18114
18119
18132
18133
18143
18150
18164
18169
18189
18296
18319
18358
18362
18372
18377
18388
18397
18400
18450
18458
18485
18504
18531
18552
18579
18606
18620
18621
18640
18710
18719
18793
18798
18846
18888
18920
18922
18942
18959
18964
18969
18994
18998
19030
19078
19083
19100
19110
19113
19127
19146
19157
19178
19180
19182
19227
19233
19248
19255
19308
19312
19347
19439
19557
19616
19633
19637
19682
19710
19742
19769
19804
19830
19853
19876
19880
19886
19910
19911
19920
19936
19956
19964
19976
20011
20013
20032
20033
20039
20042
20043
20064
20115
20124
20138
20141
20198
20222
20230
20243
20250
20252
20268
20334
20335
20336
20357
20365
20367
20396
20454
20491
20544
20616
20647
20699
20715
20719
20793
20807
20815
20816
20817
20854
20888
20905
20906
20935
20947
20962
20964
20966
20982
20997
21013
21016
21034
21035
21050
21053
21087
21099
21132
21136
21143
21162
21182
21197
21211
21214
21215
21216
21219
21220
21225
21232
21247
21269
21278
21295
21301
21329
21333
21335
21341
21342
21374
21381
21382
21388
21392
21393
21402
21415
21420
21423
21434
21436
21440
21443
21457
21459
21460
21468
21482
21487
21490
21495
21499
21502
21503
21509
21542
21574
21598
21610
21619
21631
21632
21649
21659
21661
21663
21665
21677
21681
21701
21708
21714
21721
21733
21735
21738
21742
21761
21763
21767
21769
21772
21782
21783
21785
21787
21788
21789
21793
21804
21824
21826
21838
21839
21843
21853
21857
21875
21880
21883
21884
21885
21890
21891
21907
21924
21928
21935
21937
21940
21947
21948
21954
21957
21966
21969
21970
21980
21983
21985
21986
21992
22007
22011
22016
22023
22024
22027
22030
22044
22045
22046
22047
22051
22053
22054
22057
22080
22087
22097
22113
22122
22130
22132
22144
22156
22159
22162
22175
22179
22181
22184
22185
22188
22193
22194
22200
22203
22208
22212
22213
22239
22243
22245
22248
22252
22258
22278
22284
22290
22297
22299
22301
22304
22315
22329
22331
22339
22341
22352
22354
22360
22361
22373
22375
22378
22387
22394
22396
22423
22425
22429
22431
22438
22445
22451
22454
22455
22467
22468
22476
22495
22519
22520
22525
22528
22529
22530
22536
22537
22538
22574
22581
22589
22609
22611
22614
22620
22621
22626
22631
22647
22652
22657
22660
22669
22673
22682
22687
22689
22693
22696
22705
22708
22730
22733
22738
22746
22759
22761
22769
22775
22780
22802
22805
22806
22809
22818
22835
22844
22845
22846
22851
22858
22859
22862
22866
22867
22876
22891
22897
22899
22909
22920
22949
22956
22970
22974
22980
22994
23000
23002
23016
23019
23027
23041
23043
23044
23045
23059
23071
23099
23102
23108
23111
23122
23137
23140
23142
23143
23144
23147
23150
23153
23163
23181
23184
23187
23189
23195
23199
23212
23222
23226
23230
23232
23238
23245
23278
23284
23285
23289
23324
23333
23334
23335
23350
23356
23368
23373
23388
23396
23432
23460
23462
23470
23471
23472
23486
23487
23492
23493
23497
23501
23502
23505
23508
23509
23549
23565
23573
23622
23634
23670
23675
23713
23715
23716
23720
23723
23724
23728
23731
23734
23735
23741
23765
23770
23777
23780
23781
23784
23786
23790
23795
23798
23805
23817
23818
23821
23822
23823
23824
23842
23851
23852
23859
23862
23867
23869
23876
23879
23881
23897
23910
23911
23915
23916
23919
23927
23931
23939
23942
23963
23974
23980
23987
23996
24005
24011
24019
24020
24023
24064
24068
24076
24078
24090
24099
24100
24103
24106
24107
24108
24123
24124
24127
24139
24140
24142
24143
24144
24146
24153
24154
24169
24178
24184
24186
24208
24227
24249
24266
24270
24275
24308
24314
24315
24316
24318
24319
24321
24323
24327
24331
24339
24342
24343
24347
24351
24355
24356
24360
24361
24366
24368
24369
24379
24398
24409
24412
24413
24414
24416
24420
24423
24430
24431
24432
24437
24445
24454
24460
24464
24466
24496
24500
24502
24506
24515
24516
24524
24526
24528
24530
24533
24534
24536
24537
24541
24543
24547
24549
24558
24559
24561
24564
24574
24575
24579
24607
24611
24622
24624
24635
24637
24639
24640
24642
24646
24648
24649
24650
24653
24654
24655
24658
24663
24666
24667
24669
24670
24677
24678
24680
24681
24684
24687
24691
24692
24706
24718
24719
24729
24737
24743
24745
24748
24759
24760
24764
24772
24775
24776
24780
24791
24795
24800
24819
24822
24824
24828
24835
24840
24842
24844
24845
24852
24854
24859
24862
24865
24876
24877
24879
24883
24884
24893
24917
24932
24933
24935
24937
24938
24939
24940
24945
24946
24947
24950
24951
24957
24963
24971
24972
24973
24974
24976
24979
24980
25022
25030
25042
25056
25058
25061
25064
25065
25069
25075
25077
25079
25081
25083
25086
25118
25130
25132
25153
25159
25160
25161
25164
25165
25167
25170
25173
25175
25176
25178
25179
25200
25213
25227
25242
25243
25271
25278
25281
25282
25283
25284
25313
25321
25325
25326
25331
25333
25338
25356
25360
25365
25368
25371
25372
25405
25435
25509
25516
25544
25559
25566
25568
25580
25590
25606
25612
25629
25633
25638
25643
25652
25673
25713
25779
25805
25815
25824
25828
25829
25832
25834
25837
25871
25878
25885
25886
25889
25892
25894
25903
25904
25926
25927
25930
25931
25937
25947
25953
25967
25990
25993
25998
25999
26001
26004
26011
26012
26027
26028
26029
26031
26033
26034
26065
26066
26069
26071
26077
26078
26105
26111
26113
26115
26117
26120
26123
26124
26125
26126
26133
26136
26153
26162
26163
26166
26168
26169
26171
26181
26183
26185
26187
26189
26191
26196
26198
26199
26225
26226
26228
26229
26230
26237
26238
26242
26250
26257
26274
26292
26296
26297
26300
26301
26303
26306
26309
26319
26321
26323
26325
26328
26329
26339
26343
26349
26351
26357
26358
26362
26363
26369
26373
26389
26398
26431
26439
26440
26441
26453
26456
26460
26471
26478
26483
26485
26490
26491
26502
26503
26505
26506
26516
26525
26534
26537
26539
26544
26547
26550
26551
26552
26554
26556
26559
26562
26563
26567
26569
26575
26588
26595
26599
26605
26607
26610
26628
26640
26642
26649
26650
26651
26655
26658
26664
26667
26668
26670
26687
26688
26689
26690
26691
26692
26694
26695
26696
26697
26711
26720
26726
26747
26750
26764
26769
26771
26775
26781
26783
26784
26787
26797
26805
26806
26808
26810
26864
26872
26881
26885
26886
26899
26909
26917
26943
26962
26978
26991
26992
26994
26998
27000
27002
27003
27006
27008
27014
27015
27019
27024
27085
27100
27101
27108
27109
27110
27117
27119
27126
27129
27131
27132
27133
27137
27139
27144
27149
27152
27154
27157
27160
27165
27166
27167
27172
27174
27180
27188
27189
27191
27200
27254
27255
27261
27263
27264
27266
27269
27275
27279
27285
27302
27306
27309
27311
27312
27313
27319
27320
27321
27322
27323
27326
27327
27329
27368
27373
27383
27384
27387
27389
27393
27397
27398
27400
27401
27433
27438
27441
27445
27450
27451
27452
27460
27462
27465
27478
27486
27493
27509
27514
27516
27518
27523
27524
27527
27529
27531
27532
27534
27537
27539
27540
27541
27542
27543
27544
27546
27547
27548
27550
27551
27552
27553
27554
27556
27568
27572
27576
27579
27584
27585
27594
27614
27620
27626
27627
27633
27638
27642
27644
27647
27651
27670
27675
27684
27685
27686
27697
27703
27705
27706
27710
27755
27764
27770
27772
27775
27779
27806
27810
27814
27834
27835
27840
27847
27865
27869
27876
27883
27884
27890
27891
27899
27900
27902
27907
27910
27918
27919
27920
27924
27925
27927
27928
27930
27932
27935
27945
27954
27966
27978
27979
27982
27991
28009
28012
28013
28014
28018
28019
28022
28029
28033
28036
28044
28051
28073
28080
28087
28088
28099
28105
28107
28109
28117
28123
28124
28125
28126
28137
28138
28139
28145
28164
28172
28174
28191
28192
28198
28201
28205
28206
28207
28208
28210
28211
28221
28233
28236
28243
28257
28265
28266
28267
28268
28270
28281
28283
28289
28297
28298
28305
28309
28316
28319
28324
28325
28327
28353
28365
28368
28376
28386
28387
28392
28403
28422
28429
28430
28431
28432
28433
28442
28444
28453
28454
28456
28457
28459
28479
28489
28490
28491
28494
28512
28515
28516
28517
28526
28534
28541
28545
28550
28554
28577
28602
28605
28609
28616
28625
28641
28661
28668
28686
28687
28707
28710
28717
28718
28721
28722
28724
28743
28748
28750
28767
28768
28813
28816
28818
28824
28830
28833
28841
28897
28905
28906
28919
28921
28937
28944
28947
28948
28949
28952
28956
28960
28966
28967
28970
28972
28980
28983
28984
29003
29014
29019
29026
29029
29030
29034
29035
29054
29057
29062
29064
29066
29067
29071
29085
29090
29097
29109
29117
29130
29131
29134
29142
29143
29145
29154
29181
29189
29206
29209
29227
29234
29235
29236
29237
29253
29257
29260
29262
29264
29267
29268
29271
29273
29274
29279
29290
29292
29294
29299
29303
29310
29314
29325
29331
29332
29343
29357
29362
29363
29364
29367
29368
29370
29371
29372
29375
29401
29441
29447
29469
29476
29478
29479
29487
29489
29494
29495
29529
29569
29575
29591
29613
29618
29619
29621
29627
29631
29642
29645
29657
29681
29695
29699
29700
29717
29727
29729
29759
29763
29764
29766
29768
29771
29773
29776
29779
29780
29791
29795
29810
29812
29813
29818
29826
29827
29830
29831
29832
29835
29836
29845
29848
29849
29922
29925
29946
29961
29962
29967
29970
29982
29991
29992
29994
29996
29999
30005
30007
30016
30017
30033
30034
30035
30036
30037
30044
30045
30065
30070
30081
30084
30098
30103
30105
30118
30127
30144
30146
30148
30152
30161
30162
30165
30167
30170
30172
30174
30176
30206
30208
30209
30211
30219
30223
30243
30250
30251
30257
30266
30268
30269
30271
30275
30279
30282
30285
30298
30299
30301
30305
30307
30308
30309
30311
30326
30332
30334
30335
30339
30341
30346
30349
30351
30355
30359
30363
30365
30368
30378
30379
30388
30401
30404
30405
30407
30416
30429
30433
30441
30461
30464
30472
30473
30477
30484
30486
30490
30492
30495
30499
30504
30512
30513
30521
30533
30539
30547
30553
30559
30564
30565
30570
30572
30574
30606
30611
30613
30616
30629
30631
30635
30637
30646
30654
30663
30674
30676
30679
30680
30693
30696
30700
30713
30726
30730
30732
30756
30763
30773
30776
30786
30788
30802
30804
30805
30820
30821
30829
30833
30834
30837
30839
30857
30873
30875
30879
30904
30910
30919
30923
30924
30951
30961
30962
30998
31010
31012
31014
31016
31017
31018
31021
31027
31031
31033
31044
31066
31070
31073
31075
31088
31114
31127
31146
31148
31160
31166
31172
31179
31189
31191
31195
31206
31208
31210
31211
31215
31235
31237
31238
31242
31246
31248
31250
31253
31254
31264
31266
31267
31276
31285
31288
31299
31306
31308
31311
31315
31317
31318
31329
31340
31345
31348
31353
31355
31356
31359
31364
31373
31377
31380
31383
31408
31410
31413
31414
31417
31421
31423
31428
31462
31465
31466
31467
31469
31471
31474
31475
31477
31479
31482
31488
31494
31496
31504
31505
31506
31508
31510
31511
31515
31519
31520
31523
31524
31546
31550
31553
31564
31566
31585
31601
31608
31610
31615
31617
31639
31643
31644
31645
31646
31672
31675
31695
31700
31708
31709
31712
31718
31727
31760
31761
31764
31779
31782
31784
31785
31789
31790
31794
31795
31796
31803
31804
31807
31808
31822
31834
31837
31846
31851
31854
31860
31861
31862
31863
31870
31888
31894
31899
31901
31902
31910
31916
31923
31941
31944
31957
31959
31960
31962
31981
31984
31986
31989
31990
31991
31995
31996
31997
31998
31999
32002
32004
32005
32008
32014
32027
32053
32055
32057
32058
32060
32061
32063
32065
32067
32104
32108
32114
32115
32123
32124
32139
32147
32150
32156
32159
32172
32173
32184
32187
32188
32196
32197
32198
32199
32203
32206
32214
32229
32232
32236
32239
32240
32247
32250
32252
32267
32268
32273
32277
32278
32289
32300
32317
32322
32326
32327
32336
32338
32345
32352
32360
32364
32366
32373
32385
32386
32387
32388
32392
32393
32395
32406
32414
32426
32431
32440
32443
32465
32468
32471
32476
32477
32480
32482
32483
32486
32487
32492
32510
32512
32515
32521
32529
32533
32536
32540
32544
32552
32581
32582
32588
32597
32600
32603
32614
32617
32628
32629
32633
32634
32641
32643
32646
32654
32656
32665
32668
32681
32682
32684
32685
32691
32692
32695
32696
32698
32703
32709
32713
32714
32726
32739
32744
32755
32769
32770
32792
32798
32808
32810
32811
32812
32822
32827
32828
32832
32837
32839
32841
32844
32845
32846
32847
32851
32852
32858
32863
32871
32877
32884
32886
32894
32896
32918
32920
32924
32927
32941
32958
32972
32981
32989
32990
32991
32997
33002
33007
33018
33040
33041
33044
33047
33052
33056
33065
33084
33097
33101
33103
33104
33110
33119
33129
33137
33141
33142
33145
33146
33148
33151
33156
33164
33170
33183
33184
33194
33254
33257
33258
33260
33268
33270
33274
33282
33284
33285
33286
33289
33295
33296
33299
33323
33324
33326
33333
33347
33351
33358
33362
33416
33417
33420
33421
33427
33434
33435
33437
33445
33448
33464
33468
33469
33477
33481
33483
33484
33487
33495
33496
33497
33512
33513
33515
33518
33520
33530
33531
33542
33543
33545
33559
33574
33575
33578
33583
33585
33588
33593
33597
33598
33605
33607
33614
33617
33630
33639
33643
33651
33652
33656
33663
33665
33668
33672
33683
33684
33686
33689
33691
33697
33705
33706
33716
33718
33722
33728
33735
33740
33741
33745
33746
33757
33775
33777
33782
33783
33785
33792
33793
33794
33795
33797
33798
33831
33834
33838
33851
33859
33867
33868
33870
33873
33882
33884
33891
33894
33897
33899
33929
33950
33966
33969
33991
33993
34000
34005
34011
34012
34013
34020
34025
34029
34034
34036
34037
34038
34039
34040
34041
34046
34051
34052
34053
34057
34058
34085
34092
34102
34105
34116
34119
34129
34134
34144
34146
34147
34148
34167
34174
34176
34183
34195
34196
34197
34201
34203
34207
34209
34210
34224
34227
34231
34253
34264
34267
34268
34309
34339
34345
34355
34357
34358
34359
34361
34363
34371
34375
34395
34396
34401
34403
34407
34408
34411
34427
34428
34433
34434
34441
34463
34468
34469
34482
34490
34491
34492
34498
34506
34517
34547
34563
34580
34598
34605
34610
34613
34630
34639
34646
34647
34658
34659
34661
34665
34666
34680
34685
34711
34721
34725
34730
34756
34757
34771
34787
34793
34794
34795
34799
34801
34802
34806
34810
34813
34816
34829
34832
34836
34839
34840
34842
34866
34899
34901
34904
34909
34910
34917
34924
34927
34928
34929
34935
34939
34954
34962
34977
34984
34987
34988
34990
34993
34995
34999
35005
35026
35032
35036
35042
35050
35070
35072
35075
35076
35083
35084
35096
35097
35121
35123
35128
35144
35153
35159
35168
35174
35177
35182
35185
35186
35188
35189
35192
35196
35197
35200
35204
35206
35207
35218
35221
35226
35228
35231
35232
35236
35241
35246
35256
35257
35263
35265
35266
35267
35271
35275
35280
35293
35300
35305
35313
35318
35322
35334
35336
35341
35342
35343
35348
35350
35353
35359
35367
35369
35372
35374
35376
35382
35389
35394
35396
35402
35404
35420
35428
35446
35447
35454
35462
35463
35482
35490
35507
35521
35522
35528
35530
35537
35546
35553
35577
35587
35592
35602
35605
35616
35624
35625
35630
35639
35647
35648
35651
35656
35660
35667
35669
35671
35673
35675
35676
35683
35684
35685
35686
35689
35697
35706
35713
35716
35719
35722
35731
35735
35741
35747
35755
35759
35760
35768
35769
35772
35773
35774
35779
35793
35812
35815
35816
35817
35818
35819
35820
35821
35822
35823
35824
35825
35826
35830
35834
35835
35836
35837
35852
35853
35856
35862
35868
35869
35871
35875
35876
35878
35880
35882
35883
35885
35886
35887
35888
35889
35891
35894
35899
35900
35908
35912
35934
35942
35945
35954
35956
35957
35960
35962
35966
35973
35974
35975
35982
35986
35994
35995
36003
36010
36011
36016
36025
36027
36033
36035
36036
36053
36059
36063
36064
36070
36074
36079
36080
36083
36086
36103
36104
36107
36108
36111
36112
36113
36114
36115
36116
36118
36121
36125
36127
36137
36143
36145
36150
36157
36161
36163
36166
36168
36172
36183
36188
36189
36203
36207
36209
36217
36222
36224
36226
36228
36229
36234
36235
36240
36241
36243
36253
36254
36256
36257
36261
36265
36267
36272
36276
36278
36279
36284
36289
36290
36295
36306
36331
36338
36349
36350
36355
36357
36362
36372
36383
36394
36413
36427
36428
36430
36439
36465
36466
36475
36478
36484
36486
36488
36489
36490
36503
36513
36522
36528
36529
36531
36533
36540
36543
36544
36548
36549
36554
36555
36557
36564
36574
36577
36578
36579
36590
36594
36595
36597
36603
36608
36623
36629
36630
36644
36651
36665
36666
36667
36676
36677
36679
36682
36683
36693
36705
36707
36709
36711
36716
36720
36725
36726
36730
36737
36739
36740
36742
36745
36750
36751
36752
36754
36760
36762
36763
36765
36766
36767
36787
36788
36797
36805
36813
36827
36832
36833
36841
36849
36850
36854
36876
36884
36886
36890
36892
36893
36896
36898
36905
36911
36914
36915
36916
36917
36924
36948
36970
36974
36975
36984
36992
36994
37001
37002
37006
37011
37013
37031
37041
37045
37046
37047
37050
37051
37065
37069
37070
37078
37079
37080
37085
37094
37095
37096
37097
37124
37128
37133
37134
37136
37144
37146
37153
37160
37195
37196
37206
37209
37211
37213
37220
37241
37246
37247
37250
37251
37272
37279
37281
37290
37294
37298
37299
37310
37312
37313
37317
37336
37340
37344
37347
37348
37355
37359
37366
37369
37387
37395
37403
37404
37408
37423
37424
37428
37429
37432
37437
37438
37440
37461
37466
37494
37499
37501
37505
37529
37531
37532
37535
37536
37537
37538
37541
37546
37547
37553
37558
37559
37560
37571
37573
37574
37576
37594
37600
37607
37608
37610
37611
37615
37624
37625
37626
37627
37637
37640
37642
37646
37647
37649
37654
37655
37656
37657
37671
37680
37685
37689
37690
37692
37696
37709
37713
37723
37726
37729
37731
37734
37756
37781
37786
37802
37817
37821
37827
37834
37843
37848
37855
37859
37860
37861
37865
37877
37886
37892
37901
37903
37905
37907
37916
37931
37938
37952
37956
37967
37989
37994
37997
38002
38005
38010
38015
38030
38036
38062
38064
38065
38071
38073
38075
38094
38095
38097
38108
38115
38119
38120
38126
38146
38148
38151
38153
38155
38156
38157
38158
38164
38171
38175
38179
38189
38203
38225
38226
38238
38242
38246
38247
38256
38276
38287
38289
38294
Redis Error Error: Redis connection to 127.0.0.1:6379 failed - connect ECONNREFUSED 127.0.0.1:6379
